100
106.0 4.0 872.0
1.05837 3.55706 1999.19211
130.0 4.0 743.0
5.11615 1.38653 1098.89954
496.54509 1.39853 1913.47392
164.0 4.0 73.0
50.39 3.7152 2000.0
369.05387 3.00090 1092.37244
181.45034 1.64866 833.68448
179.0 3.0 1529.0
491.02304 1.45500 1933.10844
443.92044 2.66930 361.84692
497.22951 1.42854 1973.55792
492.71638 1.40427 1953.20457
106.0 2.0 1729.0
280.10602 2.88964 1303.57077
490.61087 1.16777 1928.56491
496.18060 1.34974 1951.12382
77.140 1.41 461.6
492.33172 1.22792 1918.97283
1.59225 3.34501 3.24384
496.25400 1.00148 1934.37246
106.33395 1.6113 1743.74
1.09615 3.36346 1999.63980
492.97054 1.17772 1943.68892
493.37663 1.19292 1961.47118
268.0 2.2369 163.87
184.8283 1.0 1524.163
311.0 4.0 355.0
494.32790 1.35947 1929.51605
30.0 3.283 1565.8
372.38 1.0 1638.5
493.79502 1.27998 1976.87252
9.56447 1.84568 1190.27667
490.87482 1.01770 1947.73831
344.61356 2.88322 1695.73604
285.36079 2.26154 956.38156
495.58677 1.16187 1900.55767
442.00000 3.00000 443.00000
36.13145 1.24634 929.82081
223.2777 1.14851 659.9
41.77 3.741 1552.00
491.53386 1.12367 1913.80633
439.00000 2.00000 878.00000
500.000 2.981 1911.4870
16.67658 1.70196 1269.68150
157.37584 3.64581 1324.18802
4.240 3.3 1.00
496.96220 1.23405 1986.91023
424.00000 3.00000 471.00000
325.00000 2.00000 650.00000
497.09151 1.25189 1930.75201
94.24265 1.57009 994.60181
444.51310 3.25901 957.89867
446.7 1.5 1568.1
76.38189 4.0 1433.3257
491.13321 1.26200 1959.30087
42.2 3.945 611.8
273.0 1.0 1898.0
151.65994 3.82241 1433.23216
374.04964 1.37024 652.98475
278.60492 3.71882 1565.21756
498.65682 1.02153 1981.24736
493.83129 1.12059 1971.24977
1.00000 3.66 1989.289
405.00000 3.00000 454.00000
490.02220 1.35331 1963.92534
497.25738 1.28803 1948.80738
119.21747 3.82331 1645.74457
478.90301 1.3008 1527.58
272.62 1.0 237.48
495.96970 1.03464 1954.11838
283.0 3.0 793.0
485.00000 2.00000 970.00000
497.12420 1.22650 1955.82274
1.01301 3.05978 1999.32220
398.17112 2.83623 1257.60963
310.49414 2.99961 1211.08391
102.0 1.0 1017.0
40.0 4.0 1939.0
278.0 3.0 1533.0
39.71565 1.76708 133.83259
498.66009 1.43881 1907.39870
491.29891 1.30870 1924.25151
496.64116 1.38786 1913.18639
181.0 2.0 1873.0
496.82146 1.12032 1904.87566
496.67547 1.04781 1991.55261
492.09186 1.30502 1994.46870
491.55340 1.31957 1998.00405
204.0 1.0 1383.3698
495.31688 1.06827 1960.88754
284.0 3.0 1146.0
1.09339 3.82276 1999.13425
475.00000 2.00000 950.00000
491.01892 1.25487 1950.38701
494.11088 1.48474 1926.92832
490.36944 1.04836 1962.27970
357.00000 3.00000 404.00000
243.17904 3.74 110.00222
