100
253.48269 2.32356 1912.27578
29.69759 3.36516 1092.58846
498.68940 1.41867 1935.10108
95.00000 2.00000 190.00000
492.75124 1.21466 1915.02583
374.0 2.0 784.0
494.08507 1.21300 1954.67604
230.00000 2.00000 460.00000
360.0 4.0 1794.0
417.97452 3.29092 1874.48561
1.02240 3.30106 1999.58558
179.0 1.0 205.0
496.91270 1.23982 1902.92049
497.46230 1.37034 1995.08551
495.33939 1.28948 1915.18898
251.12410 2.87371 175.29724
174.0 1.5916 16.96249
473.00000 3.00000 484.00000
492.37018 1.12478 1950.31926
1.09579 3.71525 1999.91703
203.0 2.0 1432.0
495.22078 1.37844 1920.25913
149.7 3.0455 613.351
490.31269 1.24060 1939.90856
497.90472 1.27367 1995.92043
495.14726 1.24131 1905.93945
496.82256 1.06537 1955.48671
490.02082 1.49201 1909.36661
304.16921 3.10235 668.11560
262.24311 4.0 50.06
46.12397 2.15275 1428.05713
187.96 3.3887 1747.245
366.3159 3.389 58.0
490.05697 1.44372 1929.64290
496.93116 1.42441 1922.04768
491.94922 1.27625 1924.31756
421.59829 3.63841 806.23533
86.84829 2.20908 78.21397
254.69955 2.13442 1656.47163
496.80678 1.28392 1932.04387
491.51652 1.34688 1928.42103
416.00000 1.00000 419.00000
493.57303 1.34045 1979.64482
103.75 2.2592 2000.000
335.13648 2.01714 29.32343
172.0 4.0 1949.0
1.01328 3.31399 1999.55970
498.0 3.0 848.0
498.49318 1.30263 1968.36379
8.39 2.2 1199.853
279.36821 1.57845 940.19456
30.622 1.0 36.5
451.0 3.0 655.0490
282.2 3.37 59.3
74.0 2.0 1197.0
494.65593 1.31485 1998.67228
1.00691 3.15952 1999.53032
232.71557 3.90199 589.41847
361.97391 1.95756 47.06274
497.86177 1.42759 1950.70570
493.71948 1.16925 1902.48216
153.8 2.47 1394.072
54.7 1.511 563.0
424.0 3.48722 1342.0
497.22311 1.19876 1992.79940
380.00000 2.00000 394.00000
347.75534 2.59567 1385.29376
120.05 3.683 1.00
269.0 1.0 1547.0
495.98789 1.17575 1922.56953
458.00000 2.00000 463.00000
1.0000 3.93215 321.80611
444.0 2.0 960.0
491.00838 1.05930 1947.33282
1.58365 3.56619 2.71949
347.0 1.0 1858.0
300.88847 1.13014 641.14126
493.37897 1.11338 1945.01628
35.15 1.184 1875.86
493.78737 1.02950 1960.95679
498.36928 1.00049 1992.22370
497.65991 1.07406 1952.79624
495.92460 1.05611 1904.07962
366.0 2.0 229.0
450.00000 2.00000 900.00000
193.99522 1.52661 1946.36585
470.25284 3.88299 864.06034
500.00000 2.0 872.1945
18.67258 3.15478 147.65644
462.0 1.0 1514.0
178.00000 2.00000 356.00000
492.17628 1.26447 1986.41532
498.11243 1.27563 1907.19163
291.0 2.0 1818.0
493.31911 1.22462 1997.59155
496.51897 1.34747 1922.47434
363.0 3.2210 197.528
436.79842 1.44285 922.88058
173.91013 1.74992 1721.62793
32.12591 2.0 528.71
